Results - Models

52 
798 
1714 
2284 
426 
53 
1355 
571 
398 
94 
855 
910 
4883 
261 
790 38 
790 
1693 
2118 
297 
623 
704 
208 
12946 
56 38 
56 
1417 
961 
30 
916 
913 
62 
155 
2 
1043 
2383 
1239 
878 
2437 
1872 
581 
885 
1067 
267 
374 
4336 
1715 
947 
846 
2199 
150 
1144 
420 
1783 
675 
425 
8978 
441 
209 
1986 
15618 
10446 
251 
2046 
809 
865 
279 
340 
789 
272 
3616 
105 38 
105 
1198 
186 
1135 48 
1135 
16011 16010 
16011 
396 
379 
259 
1814 
449 
260 
407 
464 
269 
55 38 
55 
681 
11 
10 
535 
488 
806 
12929 
772 
664 
1344 
23 39 
23 
107 
1435 
334 39 
334 
371 39 38 
371 39 
371 38 
371 
570 48 
570 39 
570 
766 
1600 
703 
103 39 
103 
976 
229 39 
229 48 
229 
812 
156 39 
156 
389 39 
389 
549 48 
549 
544 48 
544 39 
544 
649 39 
649 
18 39 
18 
76 39 
76 
1578 39 
1578 
405 39 
405 48 
405 
10515 48 
10515 39 
10515 
264 48 
264 39 
264 
2958 39 48 
2958 39 
2958 48 
2958 
242 39 
242 
45 39 
45 
956 48 
956 39 
956 
31 39 
31 
479 48 
479 39 
479 
3270 39 
3270 48 
3270 
783 48 
783 39 
783 
175 39 
175 
522 48 
522 39 
522 
258 39 
258 48 
258 
179 48 
179 39 
179 
19 48 
19 39 
19 
161 48 
161 39 
161 
117 39 
117 48 
117 
13041 48 
13041 39 
13041 
78 39 48 
78 39 
78 48 
78 
37 48 38 
37 48 
37 39 38 
37 39 
37 38 
37 
1004 39 
1004 48 
1004 
677 39 
677 48 
677 
589 48 
589 39 
589 
49 39 48 
49 39 
49 48 
49 
201 39 
201 48 
201 
548 48 
548 39 
548 
15832 48 
15832 39 
15832 
249 48 39 
249 48 
249 39 
249 
1393 48 39 
1393 48 
1393 39 
1393 
16217 48 
16217 39 
16217 
740 48 
740 39 
740 
286 48 38 
286 48 
286 39 38 
286 39 
286 38 
286 
301 48 
301 39 
301 
604 48 39 
604 48 
604 39 
604 
824 48 
824 39 
824 
592 39 48 
592 39 
592 48 
592 
338 39 48 
338 39 
338 48 
338 
14098 48 39 
14098 48 
14098 39 
14098 
123 39 48 
123 39 
123 48 
123 
16010 48 39 
16010 48 
16010 39 
16010 
9 48 39 
9 48 
9 39 
9 
185 48 39 
185 48 
185 39 
185 
1146 41 
1146 48 39 
1146 48 
1146 39 
1146 
12925 48 39 
12925 48 
12925 39 
12925 
255 39 48 
255 39 
255 48 
255 
533 48 39 
533 48 
533 39 
533 
60 48 39 
60 48 
60 39 
60 
79 48 39 
79 48 
79 39 
79 
2238 41 
2238 48 39 
2238 48 
2238 39 
2238 
270 41 
270 271 
270 48 39 
270 48 
270 39 
270 
147 48 39 
147 48 
147 39 
147 
1327 48 39 
1327 48 
1327 39 
1327 
438 48 39 
438 48 
438 39 
438 
413 39 48 
413 39 
413 48 
413 
271 41 
271 48 39 
271 48 
271 39 
271 
475 41 
475 48 39 
475 48 
475 39 
475 
101 48 39 
101 48 
101 39 
101 
310 32 
310 41 48 
310 41 39 
310 41 
310 48 39 
310 48 
310 39 
310 
110 41 39 38 
110 41 39 
110 41 38 
110 41 
110 48 39 38 
110 48 39 
110 48 38 
110 48 
110 39 38 
110 39 
110 38 
110 
36 41 39 38 
36 41 39 
36 41 38 
36 41 
36 48 39 38 
36 48 39 
36 48 38 
36 48 
36 39 38 
36 39 
36 38 
36 
237 32 
237 41 
237 38 39 
237 38 
237 48 39 
237 48 
237 39 
237 
170 32 38 
170 32 
170 41 39 38 
170 41 39 
170 41 38 
170 41 
170 48 39 38 
170 48 39 
170 48 38 
170 48 
170 39 38 
170 39 
170 38 
170 
225 32 
225 38 39 
225 38 
225 41 48 
225 41 39 
225 41 
225 48 39 
225 48 
225 39 
225 
89 32 39 
89 32 48 
89 32 
89 41 39 48 
89 41 39 
89 41 48 
89 41 
89 38 39 
89 38 48 
89 38 
89 39 48 
89 39 
89 48 
89 
65 38 
65 32 39 
65 32 
65 41 48 39 
65 41 48 
65 41 39 
65 41 
65 48 39 
65 48 
65 39 
65 
41 32 38 48 
41 32 38 39 
41 32 38 
41 32 48 39 
41 32 48 
41 32 39 
41 32 
41 38 48 39 
41 38 48 
41 38 39 
41 38 
41 48 39 
41 48 
41 39 
41 
32 38 48 39 
32 38 48 
32 38 39 
32 38 
32 48 39 
32 48 
32 39 
32 
38 48 39 
38 48 
38 39 
38 
48 39 
48 
39 
