Models in common:
[2284]
[798]
[53]
[571]
[94]
[910]
[261]
[1693]
[297]
[704]
[1714]
[12946]
[52]
[1417]
[426]
[30]
[1355]
[913]
[398]
[855]
[155]
[4883]
[1043]
[38, 790]
[1239]
[790]
[2437]
[2118]
[623]
[581]
[208]
[1067]
[374]
[38, 56]
[56]
[1715]
[961]
[846]
[916]
[150]
[62]
[420]
[2]
[2383]
[675]
[878]
[8978]
[1872]
[209]
[885]
[15618]
[267]
[4336]
[251]
[809]
[947]
[2199]
[279]
[789]
[1144]
[3616]
[1783]
[425]
[1198]
[441]
[48, 1135]
[1986]
[1135]
[396]
[10446]
[259]
[2046]
[449]
[865]
[407]
[340]
[269]
[272]
[681]
[38, 105]
[105]
[10]
[186]
[488]
[379]
[12929]
[16010, 16011]
[664]
[16011]
[1814]
[23, 39]
[23]
[260]
[464]
[1435]
[38, 55]
[38, 39, 371]
[55]
[39, 371]
[11]
[38, 371]
[535]
[371]
[806]
[766]
[772]
[976]
[1344]
[703]
[107]
[812]
[39, 334]
[39, 389]
[334]
[389]
[48, 570]
[48, 544]
[39, 570]
[39, 544]
[570]
[544]
[1600]
[39, 103]
[18, 39]
[18]
[103]
[39, 1578]
[39, 229]
[1578]
[48, 229]
[229]
[48, 10515]
[39, 10515]
[39, 156]
[156]
[10515]
[39, 48, 2958]
[48, 549]
[39, 2958]
[549]
[48, 2958]
[39, 649]
[2958]
[649]
[39, 45]
[39, 76]
[45]
[76]
[31, 39]
[39, 405]
[48, 405]
[31]
[48, 264]
[39, 3270]
[405]
[48, 3270]
[39, 264]
[3270]
[264]
[39, 175]
[39, 242]
[175]
[48, 956]
[39, 258]
[242]
[48, 258]
[39, 956]
[258]
[956]
[19, 48]
[48, 479]
[19, 39]
[39, 479]
[19]
[48, 783]
[39, 117]
[479]
[39, 783]
[48, 117]
[117]
[783]
[39, 48, 78]
[48, 179]
[39, 78]
[48, 522]
[39, 179]
[48, 78]
[179]
[78]
[39, 522]
[39, 1004]
[48, 1004]
[522]
[1004]
[48, 13041]
[48, 589]
[48, 161]
[39, 589]
[39, 13041]
[589]
[39, 161]
[39, 201]
[13041]
[48, 201]
[161]
[201]
[48, 15832]
[39, 677]
[39, 15832]
[37, 38, 48]
[48, 677]
[15832]
[37, 48]
[39, 48, 1393]
[677]
[48, 1393]
[37, 38, 39]
[39, 1393]
[37, 39]
[1393]
[37, 38]
[48, 740]
[37]
[39, 740]
[39, 48, 49]
[740]
[39, 49]
[48, 301]
[48, 49]
[49]
[39, 301]
[48, 548]
[48, 824]
[39, 548]
[548]
[301]
[39, 824]
[39, 48, 249]
[48, 249]
[824]
[39, 249]
[39, 48, 338]
[249]
[39, 48, 123]
[48, 16217]
[39, 338]
[39, 16217]
[39, 123]
[16217]
[48, 338]
[38, 48, 286]
[48, 123]
[48, 286]
[39, 48, 604]
[38, 39, 286]
[338]
[123]
[39, 286]
[48, 604]
[9, 39, 48]
[41, 1146]
[38, 286]
[39, 604]
[9, 48]
[286]
[39, 48, 1146]
[604]
[48, 1146]
[39, 48, 14098]
[9, 39]
[39, 48, 592]
[39, 1146]
[48, 14098]
[9]
[39, 592]
[1146]
[39, 14098]
[39, 48, 60]
[48, 592]
[39, 48, 255]
[14098]
[48, 60]
[592]
[39, 255]
[39, 48, 16010]
[39, 60]
[48, 16010]
[60]
[39, 48, 185]
[48, 255]
[39, 16010]
[48, 185]
[255]
[39, 48, 147]
[16010]
[41, 2238]
[39, 185]
[185]
[48, 147]
[39, 48, 12925]
[39, 48, 2238]
[48, 12925]
[39, 147]
[39, 12925]
[12925]
[48, 2238]
[147]
[39, 48, 533]
[48, 533]
[39, 2238]
[39, 533]
[2238]
[533]
[41, 271]
[39, 48, 79]
[39, 48, 438]
[48, 79]
[39, 79]
[48, 438]
[79]
[39, 48, 271]
[48, 271]
[41, 270]
[39, 438]
[270, 271]
[39, 271]
[39, 48, 270]
[438]
[48, 270]
[39, 270]
[271]
[39, 48, 101]
[270]
[38, 39, 41, 110]
[39, 48, 1327]
[48, 1327]
[48, 101]
[39, 1327]
[39, 41, 110]
[1327]
[38, 41, 110]
[39, 48, 413]
[39, 101]
[39, 413]
[101]
[48, 413]
[41, 110]
[413]
[41, 475]
[38, 39, 48, 110]
[39, 48, 110]
[39, 48, 475]
[38, 48, 110]
[48, 475]
[48, 110]
[39, 475]
[38, 39, 110]
[475]
[32, 310]
[39, 110]
[38, 110]
[41, 48, 310]
[39, 41, 310]
[110]
[41, 310]
[32, 237]
[41, 237]
[39, 48, 310]
[48, 310]
[38, 39, 237]
[38, 237]
[39, 310]
[310]
[39, 48, 237]
[48, 237]
[36, 38, 39, 41]
[36, 39, 41]
[39, 237]
[36, 38, 41]
[237]
[36, 41]
[36, 38, 39, 48]
[36, 39, 48]
[36, 38, 48]
[36, 48]
[32, 225]
[36, 38, 39]
[38, 39, 225]
[38, 225]
[36, 39]
[41, 48, 225]
[36, 38]
[39, 41, 225]
[36]
[32, 38, 170]
[41, 225]
[32, 170]
[39, 48, 225]
[48, 225]
[38, 39, 41, 170]
[39, 41, 170]
[39, 225]
[38, 41, 170]
[225]
[41, 170]
[38, 65]
[38, 39, 48, 170]
[32, 39, 65]
[39, 48, 170]
[32, 65]
[38, 48, 170]
[39, 41, 48, 65]
[48, 170]
[41, 48, 65]
[38, 39, 170]
[39, 170]
[39, 41, 65]
[38, 170]
[41, 65]
[170]
[32, 39, 89]
[39, 48, 65]
[32, 48, 89]
[32, 89]
[48, 65]
[39, 41, 48, 89]
[39, 65]
[65]
[39, 41, 89]
[32, 38, 39, 48]
[32, 38, 48]
[41, 48, 89]
[32, 38, 39]
[41, 89]
[32, 38]
[38, 39, 89]
[32, 39, 48]
[32, 48]
[38, 48, 89]
[32, 39]
[38, 89]
[32]
[39, 48]
[39, 48, 89]
[48]
[39, 89]
[39]
[48, 89]
[89]
[32, 38, 41, 48]
[32, 38, 39, 41]
[32, 38, 41]
[32, 39, 41, 48]
[32, 41, 48]
[32, 39, 41]
[32, 41]
[38, 39, 41, 48]
[38, 41, 48]
[38, 39, 41]
[38, 41]
[38, 39, 48]
[39, 41, 48]
[38, 48]
[41, 48]
[39, 41]
[38, 39]
[41]
[38]

Models in double:
[39]

Models in to_test not in sample:

Models in sample not in to_test:
