Results - Models

52 
1714 
2284 
798 
426 
1355 
53 
571 
398 
855 
94 
910 
4883 
790 38 
790 
261 
1693 
2118 
297 
704 
623 
208 
12946 
1417 
56 38 
56 
961 
30 
913 
916 
62 
155 
1043 
2 
2437 
1239 
2383 
878 
1872 
1067 
581 
885 
267 
1715 
374 
4336 
947 
150 
846 
2199 
1144 
675 
420 
1783 
425 
8978 
209 
441 
1986 
15618 
251 
10446 
809 
2046 
865 
279 
789 
340 
272 
3616 
1198 
186 
105 38 
1135 48 
105 
1135 
379 
396 
16011 16010 
16011 
259 
260 
449 
407 
1814 
55 38 
269 
55 
681 
464 
10 
488 
535 
11 
12929 
664 
772 
806 
23 39 
1435 
23 
107 
1344 
766 
570 48 
570 39 
371 39 38 
570 
371 39 
334 39 
371 38 
371 
334 
976 
103 39 
103 
703 
1600 
389 39 
389 
812 
229 39 
156 39 
229 48 
156 
229 
18 39 
18 
544 48 
544 39 
544 
649 39 
549 48 
649 
549 
10515 48 
10515 39 
10515 
1578 39 
1578 
405 39 
76 39 
405 48 
76 
405 
45 39 
45 
2958 39 48 
2958 39 
2958 48 
2958 
242 39 
264 48 
242 
264 39 
264 
3270 39 
3270 48 
3270 
31 39 
31 
479 48 
956 48 
479 39 
956 39 
479 
956 
258 39 
258 48 
258 
175 39 
175 
522 48 
522 39 
783 48 
522 
783 39 
783 
117 39 
117 48 
117 
19 48 
19 39 
19 
161 48 
161 39 
179 48 
161 
179 39 
179 
1004 39 
1004 48 
78 39 48 
1004 
78 39 
78 48 
78 
37 48 38 
37 48 
13041 48 
37 39 38 
13041 39 
37 39 
13041 
37 38 
37 
201 39 
201 48 
589 48 
201 
589 39 
589 
677 39 
677 48 
49 39 48 
677 
49 39 
49 48 
49 
1393 48 39 
15832 48 
1393 48 
15832 39 
1393 39 
15832 
1393 
548 48 
548 39 
548 
249 48 39 
249 48 
249 39 
249 
740 48 
740 39 
301 48 
740 
301 39 
301 
16217 48 
16217 39 
16217 
286 48 38 
286 48 
286 39 38 
286 39 
286 38 
286 
338 39 48 
824 48 
824 39 
338 39 
824 
338 48 
338 
604 48 39 
604 48 
604 39 
604 
592 39 48 
592 39 
592 48 
592 
123 39 48 
123 39 
9 48 39 
123 48 
9 48 
123 
9 39 
9 
14098 48 39 
14098 48 
14098 39 
14098 
16010 48 39 
16010 48 
16010 39 
16010 
1146 41 
1146 48 39 
255 39 48 
1146 48 
255 39 
1146 39 
255 48 
1146 
255 
185 48 39 
185 48 
185 39 
185 
12925 48 39 
12925 48 
12925 39 
12925 
2238 41 
60 48 39 
2238 48 39 
60 48 
2238 48 
60 39 
60 
2238 39 
2238 
533 48 39 
533 48 
533 39 
533 
79 48 39 
79 48 
79 39 
79 
147 48 39 
438 48 39 
147 48 
438 48 
147 39 
147 
438 39 
438 
270 41 
270 271 
1327 48 39 
270 48 39 
270 48 
1327 48 
270 39 
1327 39 
270 
1327 
271 41 
271 48 39 
271 48 
271 39 
101 48 39 
271 
101 48 
101 39 
101 
475 41 
413 39 48 
475 48 39 
413 39 
475 48 
413 48 
475 39 
413 
475 
110 41 39 38 
110 41 39 
110 41 38 
110 41 
237 32 
110 48 39 38 
237 41 
110 48 39 
110 48 38 
237 38 39 
110 48 
237 38 
110 39 38 
237 48 39 
110 39 
237 48 
110 38 
237 39 
110 
36 41 39 38 
237 
310 32 
36 41 39 
310 41 48 
36 41 38 
310 41 39 
36 41 
310 41 
36 48 39 38 
36 48 39 
310 48 39 
36 48 38 
310 48 
36 48 
310 39 
310 
36 39 38 
36 39 
36 38 
36 
225 32 
225 38 39 
225 38 
65 38 
225 41 48 
65 32 39 
225 41 39 
225 41 
65 32 
225 48 39 
65 41 48 39 
225 48 
65 41 48 
170 32 38 
225 39 
65 41 39 
170 32 
225 
65 41 
170 41 39 38 
170 41 39 
65 48 39 
170 41 38 
89 32 39 
65 48 
170 41 
89 32 48 
65 39 
89 32 
170 48 39 38 
65 
170 48 39 
89 41 39 48 
89 41 39 
170 48 38 
89 41 48 
170 48 
89 41 
170 39 38 
170 39 
89 38 39 
89 38 48 
170 38 
89 38 
170 
89 39 48 
89 39 
89 48 
89 
32 38 48 39 
32 38 48 
32 38 39 
32 38 
32 48 39 
32 48 
32 39 
32 
38 48 39 
38 48 
41 32 38 48 
38 39 
41 32 38 39 
38 
41 32 38 
41 32 48 39 
41 32 48 
41 32 39 
41 32 
41 38 48 39 
41 38 48 
41 38 39 
41 38 
41 48 39 
41 48 
41 39 
41 
48 39 
48 
39 
